#
# DCgeom040.param
#
# Id Name      Xsks[mm] Ysks[mm] Zsks[mm] TA[deg] RA1[deg] RA2[deg]   L[mm]  Res[mm]  W0   dXdW    Ofs
#
   0 Target    1400.00     00.00     00.00   00.00   90.00   -90.00    00.00  10.000   0.00   1.00   0.00
#
#
# BT1
 101 BT1-x-1   2450.50     00.00     00.00   00.00   90.00   -90.00 -1050.50   0.250   0.00   0.00   0.00
 102 BT1-u-1   2420.50     00.00     00.00   30.00   90.00   -90.00 -1020.50   0.250   0.00   0.00   0.00
 103 BT1-v-1   2390.50     00.00     00.00  -30.00   90.00   -90.00  -990.50   0.250   0.00   0.00   0.00
 104 BT1-x-2   2360.50     00.00     00.00   00.00   90.00   -90.00  -960.50   0.250   0.00   0.00   0.00
 105 BT1-u-2   2330.50     00.00     00.00   30.00   90.00   -90.00  -930.50   0.250   0.00   0.00   0.00
 106 BT1-v-2   2300.50     00.00     00.00  -30.00   90.00   -90.00  -900.50   0.250   0.00   0.00   0.00
#	       			           					 
#										 
# BT2	       			           					 
 107 BT2-u-1   1950.50     00.00     00.00   30.00   90.00   -90.00  -550.50   0.250   0.00   0.00   0.00
 108 BT2-v-1   1920.50     00.00     00.00  -30.00   90.00   -90.00  -520.50   0.250   0.00   0.00   0.00
 109 BT2-x-1   1890.50     00.00     00.00   00.00   90.00   -90.00  -490.50   0.250   0.00   0.00   0.00
 110 BT2-u-2   1860.50     00.00     00.00   30.00   90.00   -90.00  -460.50   0.250   0.00   0.00   0.00
 111 BT2-v-2   1830.50     00.00     00.00  -30.00   90.00   -90.00  -439.50   0.250   0.00   0.00   0.00
 112 BT2-x-2   1800.50     00.00     00.00   00.00   90.00   -90.00  -400.50   0.250   0.00   0.00   0.00
#										 
#										 
# SFT										 
   1 SFT-x-1    999.625    00.00     00.00   00.00   90.00   -90.00   400.375  0.250   0.00   0.00   0.00
   2 SFT-u-1    989.625    00.00     00.00   30.00   90.00   -90.00   410.375  0.250   0.00   0.00   0.00
   3 SFT-v-1    979.625    00.00     00.00  -30.00   90.00   -90.00   420.375  0.250   0.00   0.00   0.00
   4 SFT-x-2    969.625    00.00     00.00   00.00   90.00   -90.00   430.375  0.250   0.00   0.00   0.00
   5 SFT-u-2    959.625    00.00     00.00   30.00   90.00   -90.00   440.375  0.250   0.00   0.00   0.00
   6 SFT-v-2    949.625    00.00     00.00  -30.00   90.00   -90.00   450.375  0.250   0.00   0.00   0.00
   7 SFT-u-3    939.625    00.00     00.00   30.00   90.00   -90.00   460.375  0.250   0.00   0.00   0.00
   8 SFT-v-3    929.625    00.00     00.00  -30.00   90.00   -90.00   470.375  0.250   0.00   0.00   0.00
   9 SFT-x-3    919.625    00.00     00.00   00.00   90.00   -90.00   480.375  0.250   0.00   0.00   0.00
  10 SFT-u-4    909.625    00.00     00.00   30.00   90.00   -90.00   490.375  0.250   0.00   0.00   0.00
  11 SFT-v-4    899.625    00.00     00.00  -30.00   90.00   -90.00   500.375  0.250   0.00   0.00   0.00
  12 SFT-x-4    889.625    00.00     00.00   00.00   90.00   -90.00   510.375  0.250   0.00   0.00   0.00
#										 
#										 
# IT1										 
  15 IT1-x-1    830.00     00.00     00.00   00.00   90.00   -90.00   570.00   0.250   0.00   0.00   0.00
  16 IT1-u-1    800.00     00.00     00.00   45.00   90.00   -90.00   600.00   0.250   0.00   0.00   0.00
  17 IT1-v-1    770.00     00.00     00.00  -45.00   90.00   -90.00   630.00   0.250   0.00   0.00   0.00
  18 IT1-x-2    740.00     00.00     00.00   00.00   90.00   -90.00   660.00   0.250   0.00   0.00   0.00
  19 IT1-u-2    710.00     00.00     00.00   45.00   90.00   -90.00   690.00   0.250   0.00   0.00   0.00
  20 IT1-v-2    680.00     00.00     00.00  -45.00   90.00   -90.00   720.00   0.250   0.00   0.00   0.00
  21 IT1-u-3    650.00     00.00     00.00   45.00   90.00   -90.00   750.00   0.250   0.00   0.00   0.00
  22 IT1-v-3    620.00     00.00     00.00  -45.00   90.00   -90.00   780.00   0.250   0.00   0.00   0.00
  23 IT1-x-3    590.00     00.00     00.00   00.00   90.00   -90.00   810.00   0.250   0.00   0.00   0.00
  24 IT1-u-4    560.00     00.00     00.00   45.00   90.00   -90.00   840.00   0.250   0.00   0.00   0.00
  25 IT1-v-4    530.00     00.00     00.00  -45.00   90.00   -90.00   870.00   0.250   0.00   0.00   0.00
  26 IT1-x-4    500.00     00.00     00.00   00.00   90.00   -90.00   900.00   0.250   0.00   0.00   0.00
#										 
#										 
# AFT										 
  31 AFTR-x-1  -779.871   789.517    00.00   00.00   90.00  -165.00  2400.00   0.250   0.00   0.00  428.40
  32 AFTR-x-2  -780.129   790.483    00.00   00.00   90.00  -165.00  2401.00   0.250   0.00   0.00  428.40
  33 AFTL-x-1  -779.871  -789.517    00.00   00.00   90.00   -15.00  2400.00   0.250   0.00   0.00 -428.40
  34 AFTL-x-2  -780.129  -790.483    00.00   00.00   90.00   -15.00  2401.00   0.250   0.00   0.00 -428.40
#										 
#										 
# IT2R										 
  41 IT2R-x-1  -118.942  1064.09     00.00   00.00   90.00  -165.00  2160.00   0.250   0.00   0.00   0.00
  42 IT2R-v-1  -126.706  1093.07     00.00  -45.00   90.00  -165.00  2190.00   0.250   0.00   0.00   0.00
  43 IT2R-u-1  -134.471  1122.04     00.00   45.00   90.00  -165.00  2220.00   0.250   0.00   0.00   0.00
  44 IT2R-v-2  -142.235  1151.02     00.00  -45.00   90.00  -165.00  2250.00   0.250   0.00   0.00   0.00
  45 IT2R-u-2  -150.000  1180.00     00.00   45.00   90.00  -165.00  2280.00   0.250   0.00   0.00   0.00
  46 IT2R-x-2  -157.765  1208.98     00.00   00.00   90.00  -165.00  2310.00   0.250   0.00   0.00   0.00
  47 IT2R-v-3  -165.529  1237.96     00.00  -45.00   90.00  -165.00  2340.00   0.250   0.00   0.00   0.00
  48 IT2R-u-3  -173.294  1266.93     00.00   45.00   90.00  -165.00  2370.00   0.250   0.00   0.00   0.00
  49 IT2R-x-3  -181.058  1295.91     00.00   00.00   90.00  -165.00  2400.00   0.250   0.00   0.00   0.00
#										 
#										 
# IT2L										 
  51 IT2L-x-1  -118.942 -1064.09     00.00   00.00   90.00   -15.00  2160.00   0.250   0.00   0.00   0.00
  52 IT2L-v-1  -126.706 -1093.07     00.00  -45.00   90.00   -15.00  2190.00   0.250   0.00   0.00   0.00
  53 IT2L-u-1  -134.471 -1122.04     00.00   45.00   90.00   -15.00  2220.00   0.250   0.00   0.00   0.00
  54 IT2L-v-2  -142.235 -1151.02     00.00  -45.00   90.00   -15.00  2250.00   0.250   0.00   0.00   0.00
  55 IT2L-u-2  -150.000 -1180.00     00.00   45.00   90.00   -15.00  2280.00   0.250   0.00   0.00   0.00
  56 IT2L-x-2  -157.765 -1208.98     00.00   00.00   90.00   -15.00  2310.00   0.250   0.00   0.00   0.00
  57 IT2L-v-3  -165.529 -1237.96     00.00  -45.00   90.00   -15.00  2340.00   0.250   0.00   0.00   0.00
  58 IT2L-u-3  -173.294 -1266.93     00.00   45.00   90.00   -15.00  2370.00   0.250   0.00   0.00   0.00
  59 IT2L-x-3  -181.058 -1295.91     00.00   00.00   90.00   -15.00  2400.00   0.250   0.00   0.00   0.00
#										 
#										 
# ST1										 
  61 ST1-x-1  -1000.00     00.00     00.00   00.00   90.00   -90.00  2400.00   0.250   0.00   0.00   0.00
  62 ST1-u-1  -1030.00     00.00     00.00   45.00   90.00   -90.00  2430.00   0.250   0.00   0.00   0.00
  63 ST1-v-1  -1060.00     00.00     00.00  -45.00   90.00   -90.00  2460.00   0.250   0.00   0.00   0.00
  64 ST1-x-2  -1090.00     00.00     00.00   00.00   90.00   -90.00  2490.00   0.250   0.00   0.00   0.00
  65 ST1-u-2  -1120.00     00.00     00.00   45.00   90.00   -90.00  2520.00   0.250   0.00   0.00   0.00
  66 ST1-v-2  -1150.00     00.00     00.00  -45.00   90.00   -90.00  2550.00   0.250   0.00   0.00   0.00
  67 ST1-u-3  -1180.00     00.00     00.00   45.00   90.00   -90.00  2580.00   0.250   0.00   0.00   0.00
  68 ST1-v-3  -1210.00     00.00     00.00  -45.00   90.00   -90.00  2610.00   0.250   0.00   0.00   0.00
  69 ST1-x-3  -1240.00     00.00     00.00   00.00   90.00   -90.00  2640.00   0.250   0.00   0.00   0.00
#										 
#										 
# ST2										 
  71 ST2-x-1  -1600.00     00.00     00.00   00.00   90.00   -90.00  3000.00   0.250   0.00   0.00   0.00
  72 ST2-u-1  -1630.00     00.00     00.00   45.00   90.00   -90.00  3030.00   0.250   0.00   0.00   0.00
  73 ST2-v-1  -1660.00     00.00     00.00  -45.00   90.00   -90.00  3060.00   0.250   0.00   0.00   0.00
  74 ST2-u-2  -1690.00     00.00     00.00   45.00   90.00   -90.00  3090.00   0.250   0.00   0.00   0.00
  75 ST2-v-2  -1720.00     00.00     00.00  -45.00   90.00   -90.00  3120.00   0.250   0.00   0.00   0.00
  76 ST2-x-2  -1750.00     00.00     00.00   00.00   90.00   -90.00  3150.00   0.250   0.00   0.00   0.00
  77 ST2-u-3  -1780.00     00.00     00.00   45.00   90.00   -90.00  3180.00   0.250   0.00   0.00   0.00
  78 ST2-v-3  -1810.00     00.00     00.00  -45.00   90.00   -90.00  3210.00   0.250   0.00   0.00   0.00
  79 ST2-x-3  -1840.00     00.00     00.00   00.00   90.00   -90.00  3240.00   0.250   0.00   0.00   0.00
#
#
#Counters
  81  T0      -1751.50     00.00     00.00   00.00   90.00   -90.00  -351.50  10.000   0.00   0.00   0.00
  82  TOF     -1945.00     00.00     00.00   00.00   90.00   -90.00  3345.00  10.000   0.00   0.00   0.00
  83  ITOFR    -400.00   1330.00     00.00   00.00   90.00  -165.00  2500.00  10.000   0.00   0.00   0.00
  84  ITOFL    -400.00  -1330.00     00.00   00.00   90.00   -15.00  2500.00  10.000   0.00   0.00   0.00
  85  ITOFSR    870.00   1280.00     00.00   00.00   90.00  -225.00  1500.00  10.000   0.00   0.00   0.00
  86  ITOFSL    870.00  -1280.00     00.00   00.00   90.00    45.00  1500.00  10.000   0.00   0.00   0.00
  87  PADU      -20.00    492.00     00.00   00.00   90.00   -90.00  1485.00  10.000   0.00   0.00   0.00
  88  PADD      -20.00   -492.00     00.00   00.00   90.00   -90.00  1485.00  10.000   0.00   0.00   0.00
  89  RICH    -4950.00     00.00     00.00   00.00   90.00   -90.00  4950.00  10.000   0.00   0.00   0.00
  90  PID1R   -2200.00   1250.00     00.00   00.00   90.00   -90.00    00.00  10.000   0.00   0.00   0.00
  91  PID1L   -2200.00  -1250.00     00.00   00.00   90.00   -90.00    00.00  10.000   0.00   0.00   0.00
  92  PID2R    -680.00   1480.00     00.00   00.00   90.00  -165.00    00.00  10.000   0.00   0.00   0.00
  93  PID2L    -680.00  -1480.00     00.00   00.00   90.00   -15.00    00.00  10.000   0.00   0.00   0.00
  94  MFU     -5500.00     00.00     00.00   00.00   90.00   -90.00  6200.00  10.000   0.00   0.00   0.00
  95  MFD     -6590.00     00.00     00.00   00.00   90.00   -90.00  7290.00  10.000   0.00   0.00   0.00
#
# VP
 200 VTarget   1400.00     00.00     00.00   00.00   90.00   -90.00    00.00   1.000   0.00   1.00   0.00
 100 SpecVp1   2500.00     00.00     00.00   00.00   90.00   -90.00 -1100.00   1.000   0.00   0.00   0.00
  30 SpecVp2    499.00     00.00     00.00   00.00   90.00   -90.00   901.00   1.000   0.00   0.00   0.00
  60 SpecVp3   -999.00     00.00     00.00   00.00   90.00   -90.00  2399.00   1.000   0.00   0.00   0.00
  70 SpecVp4  -1241.00     00.00     00.00   00.00   90.00   -90.00  2641.00   1.000   0.00   0.00   0.00
#
