#
# param_DetGeom001
#
# Id Name       X[mm]    Y[mm]    Z[mm] TA[deg] RA1[deg] RA2[deg]   L[mm]  Res[mm]  W0   dXdW    Ofs
#
   0 Target     00.00    00.00    00.00   00.00   00.00    00.00    00.00   1.000   0.00   0.00   0.00
#
# SFT
   1 SFT-x-1    00.00    00.00    40.00   00.00   00.00    00.00    40.00   0.250   0.00   0.00   0.00
   2 SFT-u-1    00.00    00.00    41.00   30.00   00.00    00.00    70.00   0.250   0.00   0.00   0.00
   3 SFT-v-1    00.00    00.00    42.00  -30.00   00.00    00.00   100.00   0.250   0.00   0.00   0.00
   4 SFT-x-2    00.00    00.00   159.00   00.00   00.00    00.00   159.00   0.250   0.00   0.00   0.00
   5 SFT-u-2    00.00    00.00   160.00   30.00   00.00    00.00   160.00   0.250   0.00   0.00   0.00
   6 SFT-v-2    00.00    00.00   161.00  -30.00   00.00    00.00   161.00   0.250   0.00   0.00   0.00
   7 SFT-u-3    00.00    00.00   249.00   30.00   00.00    00.00   249.00   0.250   0.00   0.00   0.00
   8 SFT-v-3    00.00    00.00   250.00  -30.00   00.00    00.00   250.00   0.250   0.00   0.00   0.00
   9 SFT-x-3    00.00    00.00   251.00   00.00   00.00    00.00   251.00   0.250   0.00   0.00   0.00
  10 SFT-u-4    00.00    00.00   359.00   30.00   00.00    00.00   359.00   0.250   0.00   0.00   0.00
  11 SFT-v-4    00.00    00.00   360.00  -30.00   00.00    00.00   360.00   0.250   0.00   0.00   0.00
  12 SFT-x-4    00.00    00.00   361.00   00.00   00.00    00.00   361.00   0.250   0.00   0.00   0.00
#
#Counters
  21 T0U        00.00    00.00    10.00   00.00   00.00    00.00    10.00   1.000   0.00   0.00   0.00
  22 T0D        00.00    00.00   400.00   00.00   00.00    00.00   400.00   1.000   0.00   0.00   0.00
#
