#
# param_DetGeom001 SFT type C
#
# Id Name       X[mm]    Y[mm]    Z[mm] TA[deg] RA1[deg] RA2[deg]   L[mm]  Res[mm]  W0   dXdW    Ofs
#
   0 Target     00.00    00.00    00.00   00.00   00.00    00.00    00.00   1.000   0.00   0.00   0.00
#
# SFT
   1 SFT-x-0    00.00    00.00    39.00   00.00   00.00    00.00    39.00   0.2887   5.50   1.00   0.50
   2 SFT-u-0    00.00    00.00    41.00   30.00   00.00    00.00    41.00   0.2887   5.50   1.00   0.50
   3 SFT-v-0    00.00    00.00    43.00  -30.00   00.00    00.00    43.00   0.2887   5.50   1.00   0.50
   4 SFT-x-1    00.00    00.00   158.00   00.00   00.00    00.00   158.00   0.2887   5.50   1.00   0.50
   5 SFT-u-1    00.00    00.00   160.00   30.00   00.00    00.00   160.00   0.2887   5.50   1.00   0.50
   6 SFT-v-1    00.00    00.00   162.00  -30.00   00.00    00.00   162.00   0.2887   5.50   1.00   0.50
   7 SFT-u-2    00.00    00.00   248.00   30.00   00.00    00.00   248.00   0.2887   5.50   1.00   0.50
   8 SFT-v-2    00.00    00.00   250.00  -30.00   00.00    00.00   250.00   0.2887   5.50   1.00   0.50
   9 SFT-x-2    00.00    00.00   252.00   00.00   00.00    00.00   252.00   0.2887   5.50   1.00   0.50
  10 SFT-u-3    00.00    00.00   367.00   30.00   00.00    00.00   367.00   0.2887   5.50   1.00   0.50
  11 SFT-v-3    00.00    00.00   369.00  -30.00   00.00    00.00   369.00   0.2887   5.50   1.00   0.50
  12 SFT-x-3    00.00    00.00   371.00   00.00   00.00    00.00   371.00   0.2887   5.50   1.00   0.50
#
#Counters
  21 T0        00.00    00.00    10.00   00.00   00.00    00.00    10.00   1.000   0.00   0.00   0.00
#
